Sample Name	Eth3 1	Eth3 2	Cssm66 1	Cssm66 2	inra23 1	inra23 2	BM1818 1	BM1818 2	ilsts6 1	ilsts6 2	Tgla227 1	Tgla227 2	Tgla126 1	Tgla126 2	Tgla122 1	Tgla122 2	Sps115 1	Sps115 2	Eth225 1	Eth225 2	Tgla53 1	Tgla53 2	Csrm60 1	Csrm60 2	Bm2113 1	Bm2113 2	Bm1824 1	Bm1824 2	Eth10 1	Eth10 2
kpc-40-1	129	129	189	189	206	206	262	262	294	296	91	97	115	117	151	171	248	248	150	152	176	186	96	102	127	137	178	182	209	217
kpc-40-5	117	129	179	189	202	210	266	266	292	294	81	97	117	117	151	161	248	248	148	150	154	160	96	98	127	127	188	188	217	223
kpc-40-6	129	129	179	189	206	214	266	266	288	294	81	91	115	115	143	161	248	252	148	150	160	176	102	102	127	135	188	188	209	219
kpc-40-7	121	129	181	189	210	214	264	266	292	294	81	91	117	117	151	163	248	248	148	150	154	160	98	102	127	139	188	188	219	223
kpc-40-12	117	117	189	189	202	206	264	266	292	294	83	89	115	117	143	183	248	258	144	148	162	162	102	102	135	137	180	182	219	219
kpc-40-15	117	129	179	189	202	210	262	262	292	294	89	91	115	115	143	143	252	252	148	150	166	176	98	100	135	135	178	188	223	223
kpc-40-16	117	117	185	189	206	210	262	266	294	294	89	93	117	121	163	183	248	260	140	150	168	168	96	102	125	127	188	188	213	223
kpc-40-17	125	129	185	189	206	208	262	266	288	294	81	89	115	117	163	163	248	256	148	150	168	168	96	98	139	139	178	188	219	223
kpc-40-19	127	129	179	185	202	214	262	266	288	294	81	91	115	117	149	151	248	260	148	150	176	176	98	102	135	137	178	180	219	225
kpc-40-20	121	129	181	183	202	216	266	266	292	292	87	89	115	115	161	163	248	256	140	146	154	162	98	102	127	139	178	188	209	217
kpc-40-21	117	125	179	181	206	214	262	262	288	294	93	97	117	121	143	159	248	252	140	148	168	176	98	102	135	139	182	188	209	221
kpc-40-24	127	129	183	183	210	214	262	264	292	292	91	97	115	119	139	161	248	254	146	150	160	170	92	102	127	137	178	188	209	219
kpc-40-25	117	127	183	185	202	214	262	266	288	292	89	93	117	119	161	163	248	252	150	150	162	168	98	102	127	135	178	178	209	223
kpc-40-31	117	127	189	197	200	210	262	266	292	294	89	97	115	117	153	163	248	252	148	150	160	168	96	96	127	137	178	178	223	225
kpc-40-33	127	129	183	185	202	206	266	266	294	294	91	103	115	121	143	143	248	252	148	150	154	160	96	98	127	135	178	188	209	213
kpc-40-34	117	117	179	185	198	202	264	266	294	294	91	97	117	117	143	149	248	252	148	150	176	176	98	102	135	135	180	188	209	219
kpc-40-35	127	129	183	185	210	216	262	262	292	292	89	99	117	119	149	161	248	258	146	148	160	162	92	102	127	137	178	178	209	219
kpc-40-37	117	119	183	189	202	206	266	266	292	292	81	81	115	117	141	161	248	252	140	150	160	168	96	96	127	137	178	188	219	223
kpc-40-39	117	129	179	189	202	214	262	266	294	294	91	97	115	115	143	163	248	252	140	148	176	182	98	98	125	139	180	182	213	223
kpc-40-40	125	129	185	189	202	210	262	266	288	294	81	89	115	117	143	173	248	252	148	150	168	168	98	102	127	135	178	188	217	219
kpc-40-44	129	129	183	193	202	210	266	266	292	294	91	91	115	119	143	143	248	248	144	146	160	160	92	102	135	137	178	178	209	225
kpc-40-46	117	129	189	189	202	210	266	266	292	300	89	91	115	115	149	183	248	248	148	150	158	162	100	102	125	135	180	188	219	219
kpc-40-48	117	125	179	189	206	210	262	266	294	294	89	97	115	117	143	163	248	260	148	150	168	172	92	98	135	139	178	188	219	223
kpc-40-49	129	129	189	193	202	210	266	266	294	294	91	97	117	117	143	143	248	252	144	148	154	176	98	102	135	135	180	188	219	223
kpc-40-54	117	117	185	189	202	214	262	262	294	294	81	91	115	117	149	163	256	260	148	150	162	176	102	102	135	135	188	188	223	225
kpc-40-55	117	129	187	193	202	206	262	266	288	292	89	103	117	117	163	183	252	252	142	150	162	172	92	100	125	135	178	190	217	219
kpc-40-56	127	129	181	189	202	214	266	266	288	294	89	97	115	117	171	183	248	252	140	144	158	160	100	100	127	135	178	182	217	219
kpc-40-57	129	129	185	189	200	210	262	266	294	294	87	89	115	117	163	171	256	260	140	150	160	162	96	102	127	135	180	188	213	219
kpc-40-59	125	129	183	183	202	206	258	266	292	294	83	89	115	115	143	163	248	256	150	150	154	160	102	102	127	139	188	190	209	221
kpc-40-60	129	129	183	189	202	210	262	262	292	296	83	91	117	119	149	161	248	252	146	150	162	162	102	102	127	139	188	188	209	217
kpc-40-61	129	129	179	187	202	206	262	266	292	294	81	97	115	117	143	163	248	248	148	150	184	186	96	102	125	135	178	188	209	219
kpc-40-62	125	129	181	189	206	210	262	262	288	296	89	97	115	115	151	151	248	248	148	152	154	160	92	102	135	137	178	180	209	219
kpc-40-63	117	117	187	189	202	206	262	266	288	294	89	89	115	117	149	183	248	252	144	148	162	172	102	102	135	135	178	182	219	225
kpc-40-64	117	117	179	189	210	214	266	266	294	294	81	91	117	117	151	183	248	248	144	150	158	162	102	102	127	127	188	188	223	223
kpc-40-66	129	129	185	189	206	214	262	266	288	294	89	89	115	117	163	169	248	260	148	150	166	168	96	102	127	139	182	188	213	219
kpc-40-67	117	117	179	189	200	202	266	266	292	294	89	91	117	117	151	163	248	248	140	150	160	160	96	100	139	139	188	188	219	219
kpc-40-68	117	129	181	189	202	208	266	266	288	294	83	89	115	115	143	183	248	252	144	152	162	180	102	102	127	135	178	178	209	219
kpc-40-69	127	129	185	185	200	202	262	264	288	294	81	89	117	119	149	167	248	248	148	150	160	168	92	98	133	135	188	188	209	217
kpc-40-71	129	129	189	191	206	206	262	266	288	294	89	97	117	117	149	161	248	252	144	150	176	184	98	102	125	125	178	180	219	223
kpc-40-101	117	129	185	189	202	210	262	266	288	294	93	97	115	115	143	173	248	248	148	150	158	162	100	102	127	137	182	188	217	217
